u_ts = 0.001;
